3    1.0
12    0.9986566942211654
13    0.9946303858254926
14    0.9879318919396514
15    0.9785792088147338
16    0.966597463477319
17    0.9520188462229016
18    0.9348825241330987
19    0.9152345358488484
20    0.8931276678825442
1    0.8686213128012085
21    0.8622343913835525
22    0.8558474699658966
23    0.8494605485482406
24    0.8430736271305846
25    0.8366867057129287
26    0.8302997842952728
27    0.8239128628776169
28    0.8175259414599609
29    0.811139020042305
30    0.804752098624649
31    0.7983651772069931
32    0.7919782557893371
33    0.7855913343716812
34    0.7792044129540252
35    0.7728174915363692
36    0.7664305701187133
37    0.7600436487010573
38    0.7536567272834014
39    0.7472698058657455
40    0.7408828844480896
41    0.7344959630304336
42    0.7281090416127777
43    0.7217221201951217
44    0.7153351987774658
45    0.7089482773598098
46    0.7025613559421539
47    0.6961744345244979
48    0.689787513106842
49    0.6834005916891861
50    0.6770136702715301
51    0.6706267488538742
52    0.6642398274362182
53    0.6578529060185623
2    0.6514659846009063
