3    1.0
10    0.9996277697573799
11    0.998511356140226
12    0.9966515902743613
13    0.9940498566819853
14    0.9907080922509532
15    0.9866287847928386
16    0.9818149711908369
17    0.9762702351389716
18    0.9699987044741372
19    0.9630050481030683
20    0.9552944725265882
21    0.9468727179635108
22    0.937746054077329
23    0.9279212753087045
24    0.9174056958171948
25    0.9062071440362134
26    0.894333956845039
27    0.8817949733624082
1    0.8685995283660157
28    0.8649190218898886
29    0.8612385154137614
30    0.8575580089376342
31    0.853877502461507
32    0.8501969959853798
33    0.8465164895092526
34    0.8428359830331255
35    0.8391554765569983
36    0.835474970080871
37    0.8317944636047439
38    0.8281139571286167
39    0.8244334506524895
40    0.8207529441763624
41    0.8170724377002352
42    0.813391931224108
43    0.8097114247479807
44    0.8060309182718536
45    0.8023504117957264
46    0.7986699053195992
47    0.7949893988434721
48    0.7913088923673448
49    0.7876283858912176
50    0.7839478794150905
51    0.7802673729389633
52    0.7765868664628361
53    0.772906359986709
54    0.7692258535105818
55    0.7655453470344545
56    0.7618648405583274
57    0.7581843340822002
58    0.754503827606073
59    0.7508233211299459
60    0.7471428146538186
61    0.7434623081776914
62    0.7397818017015643
63    0.7361012952254371
64    0.7324207887493099
65    0.7287402822731828
66    0.7250597757970556
67    0.7213792693209283
68    0.7176987628448012
69    0.714018256368674
70    0.7103377498925468
71    0.7066572434164196
72    0.7029767369402924
73    0.6992962304641652
74    0.6956157239880381
75    0.6919352175119109
76    0.6882547110357837
77    0.6845742045596566
78    0.6808936980835294
79    0.6772131916074021
80    0.673532685131275
81    0.6698521786551478
82    0.6661716721790206
83    0.6624911657028933
84    0.6588106592267662
85    0.655130152750639
2    0.6514496462745119
